a: 3.000000 b: 100.000000
a: 4.000000 b:  25.000000